none 0.06155479128485606 0.12594414959695915 0.12867927578586316 0.033808767407269014 0.013543996208556378 0.028537599301627067 0.018782973207297018 0.022299013092232537 0.07647437334203545 
none 0.058673832725844574 0.1255812629598021 0.13072600855480312 0.031592544162582205 0.012497454775684542 0.02743410587589241 0.018318757185120816 0.020154606480542625 0.07264693737887454 
none 0.05901417078668068 0.12558744596282378 0.12639270596275626 0.032694156486147916 0.013021937428557975 0.026929239804181323 0.01836496459267567 0.021359705117694677 0.06550858935713667 
none 0.05809839921751738 0.1257998356808921 0.13645240246508844 0.02917659632649383 0.012054817402860575 0.026113773196211144 0.018156173091357284 0.019176649070216944 0.05903227777177912 
none 0.07125474680569222 0.12674767028990278 0.1337557959795674 0.03833603562246251 0.014837795253459414 0.030383557805644473 0.01961891435500371 0.022958168477581604 0.07371547993013718 
none 0.06999609606277823 0.1267115097984829 0.12683644348354553 0.038626297804912536 0.01497525630882875 0.03096734552067152 0.01961330450701469 0.023358962572151205 0.08517424089743611 
none 0.05707482988544009 0.1254566189315871 0.12642998723072688 0.030915170654774952 0.011915408553130119 0.02525600637961468 0.017946106464282355 0.01878035769919317 0.05309086076311801 
none 0.059310479615462354 0.1259776928008906 0.12724440957372238 0.03517278798014232 0.012957372567239897 0.028266338488730964 0.018513446025516675 0.02024795424733907 0.06391576249260042 
none 0.06270528511661376 0.12601901941894014 0.1309798963364938 0.03545755865441386 0.014119200801818384 0.02824502043350203 0.018991553519993973 0.02361633002467649 0.07010388634634569 
none 0.0653759099481226 0.12569209670739323 0.1339138375442545 0.027569510103903846 0.012501397385474417 0.0249223650649174 0.01839870272815203 0.018585938955412336 0.050996314392689424 
